10, 20, 1
10, 20, 5
10, 40, 7
10, 40, 11
10, 40, 10
10, 40, 7
10, 40, 8
10, 40, 10
10, 40, 11
10, 40, 9
10, 40, 14
10, 40, 11
10, 40, 10
10, 40, 8
10, 40, 9
10, 40, 8
10, 40, 11
10, 40, 8
10, 40, 10
10, 60, 9
10, 60, 9
10, 60, 9
10, 60, 7
10, 60, 10
10, 60, 9
10, 60, 10
10, 60, 12
10, 60, 12
10, 60, 9
10, 60, 9
10, 60, 7
10, 60, 10
10, 60, 9
10, 60, 9
10, 60, 12
10, 60, 10
10, 60, 12
10, 60, 10
10, 60, 11
10, 60, 7
10, 60, 9
10, 60, 12
10, 60, 11
10, 60, 7
10, 60, 7
10, 60, 9
10, 60, 12
10, 60, 12
10, 60, 7
10, 60, 10
10, 60, 9
10, 80, 16
10, 80, 18
10, 80, 19
10, 80, 12
10, 80, 13
10, 80, 18
10, 80, 16
10, 80, 12
10, 80, 19
10, 80, 13
10, 80, 12
10, 80, 19
10, 80, 19
10, 80, 14
10, 80, 18
10, 80, 18
10, 80, 12
10, 80, 17
10, 80, 13
10, 80, 12
10, 80, 17
10, 80, 18
10, 80, 14
10, 80, 19
10, 80, 11
10, 80, 16
10, 80, 18
10, 80, 13
10, 80, 18
10, 80, 14
10, 80, 17
10, 80, 14
10, 80, 11
10, 80, 14
10, 80, 17
10, 80, 11
10, 80, 11
10, 80, 17
10, 80, 12
10, 80, 19
10, 80, 16
10, 80, 11
10, 80, 12
10, 80, 19
10, 80, 14
10, 80, 18
10, 80, 16
10, 80, 17
10, 80, 17
10, 80, 18
10, 80, 18
10, 80, 12
10, 80, 14
10, 80, 11
10, 80, 19
10, 100, 18
10, 100, 16
10, 100, 16
10, 100, 16
10, 100, 16
10, 100, 16
10, 100, 10
10, 100, 16
10, 100, 16
10, 100, 16
10, 100, 13
10, 100, 18
10, 100, 16
10, 100, 16
10, 100, 16
10, 100, 16
10, 100, 10
10, 100, 16
10, 100, 16
10, 100, 16
10, 100, 10
10, 100, 16
10, 100, 16
10, 100, 13
10, 100, 18
10, 100, 16
10, 100, 16
10, 100, 18
10, 100, 16
10, 100, 16
10, 100, 13
10, 100, 18
10, 100, 18
10, 100, 16
10, 100, 16
10, 100, 10
10, 100, 10
10, 100, 18
10, 100, 10
10, 100, 16
10, 100, 10
10, 100, 16
10, 100, 16
10, 100, 16
10, 100, 13
10, 100, 16
10, 100, 18
10, 100, 16
10, 100, 16
10, 100, 18
10, 100, 16
10, 100, 13
10, 100, 16
10, 100, 18
10, 100, 16
10, 100, 16
10, 100, 16
10, 100, 16
10, 100, 16
10, 100, 13
10, 100, 16
10, 100, 18
10, 100, 18
20, 40, 14
20, 40, 8
20, 40, 4
20, 40, 4
20, 40, 8
20, 40, 4
20, 40, 6
20, 40, 5
20, 40, 4
20, 40, 6
20, 40, 8
20, 40, 6
20, 40, 6
20, 40, 5
20, 40, 6
20, 40, 14
20, 60, 26
20, 60, 32
20, 60, 31
20, 60, 26
20, 60, 26
20, 60, 31
20, 60, 33
20, 60, 33
20, 60, 26
20, 60, 33
20, 60, 30
20, 60, 26
20, 60, 26
20, 60, 31
20, 60, 32
20, 60, 32
20, 60, 32
20, 60, 30
20, 60, 32
20, 60, 31
20, 60, 33
20, 80, 31
20, 80, 24
20, 80, 36
20, 80, 29
20, 80, 29
20, 80, 36
20, 80, 34
20, 80, 32
20, 80, 31
20, 80, 32
20, 80, 24
20, 80, 31
20, 80, 29
20, 80, 24
20, 80, 34
20, 80, 34
20, 80, 36
20, 80, 36
20, 80, 34
20, 80, 24
20, 80, 31
20, 80, 31
20, 80, 24
20, 80, 24
20, 80, 24
20, 80, 32
20, 80, 32
20, 80, 31
20, 80, 29
20, 80, 31
20, 80, 36
20, 80, 36
20, 80, 24
20, 80, 32
20, 80, 31
20, 80, 31
20, 80, 32
20, 80, 31
20, 80, 31
20, 80, 29
20, 80, 36
20, 80, 24
20, 80, 36
20, 80, 31
20, 80, 29
20, 80, 24
20, 80, 36
20, 80, 31
20, 80, 32
20, 80, 29
20, 80, 29
20, 80, 36
20, 80, 31
20, 100, 34
20, 100, 32
20, 100, 44
20, 100, 28
20, 100, 32
20, 100, 28
20, 100, 27
20, 100, 28
20, 100, 44
20, 100, 31
20, 100, 28
20, 100, 40
20, 100, 34
20, 100, 23
20, 100, 28
20, 100, 28
20, 100, 40
20, 100, 27
20, 100, 31
20, 100, 44
20, 100, 44
20, 100, 28
20, 100, 31
20, 100, 40
20, 100, 31
20, 100, 27
20, 100, 28
20, 100, 23
20, 100, 23
20, 100, 23
20, 100, 23
20, 100, 44
20, 100, 30
20, 100, 28
20, 100, 40
20, 100, 44
20, 100, 28
20, 100, 28
20, 100, 32
20, 100, 23
20, 100, 29
20, 100, 40
20, 100, 23
20, 100, 30
20, 100, 37
20, 100, 32
20, 100, 23
20, 100, 28
20, 100, 34
20, 100, 44
20, 100, 32
20, 100, 28
20, 100, 29
20, 100, 28
20, 100, 44
20, 100, 27
20, 100, 28
20, 100, 40
20, 100, 44
20, 100, 23
20, 100, 34
20, 100, 28
20, 100, 34
20, 100, 32
20, 100, 32
20, 100, 34
20, 100, 34
20, 100, 28
20, 100, 32
20, 100, 30
20, 100, 31
20, 100, 32
20, 100, 32
20, 100, 23
20, 100, 32
30, 40, 2
30, 40, 8
30, 40, 3
30, 40, 3
30, 40, 3
30, 40, 3
30, 40, 2
30, 40, 3
30, 40, 5
30, 40, 4
30, 60, 13
30, 60, 14
30, 60, 18
30, 60, 13
30, 60, 22
30, 60, 19
30, 60, 35
30, 60, 17
30, 60, 13
30, 60, 35
30, 60, 19
30, 60, 17
30, 60, 16
30, 60, 17
30, 60, 18
30, 60, 1
30, 60, 16
30, 60, 18
30, 60, 17
30, 60, 19
30, 60, 13
30, 60, 20
30, 60, 1
30, 60, 27
30, 60, 20
30, 60, 1
30, 60, 17
30, 60, 13
30, 60, 16
30, 60, 21
30, 60, 27
30, 60, 13
30, 60, 15
30, 80, 33
30, 80, 35
30, 80, 34
30, 80, 33
30, 80, 33
30, 80, 33
30, 80, 33
30, 80, 37
30, 80, 46
30, 80, 30
30, 80, 23
30, 80, 30
30, 80, 35
30, 80, 33
30, 80, 21
30, 80, 33
30, 80, 30
30, 80, 35
30, 80, 30
30, 80, 37
30, 80, 21
30, 80, 21
30, 80, 32
30, 80, 35
30, 80, 25
30, 80, 25
30, 80, 46
30, 80, 33
30, 80, 45
30, 80, 46
30, 80, 33
30, 80, 45
30, 80, 30
30, 80, 46
30, 80, 33
30, 80, 30
30, 80, 32
30, 80, 35
30, 80, 23
30, 80, 30
30, 80, 32
30, 80, 21
30, 80, 33
30, 80, 35
30, 80, 30
30, 80, 32
30, 80, 46
30, 80, 30
30, 80, 45
30, 80, 32
30, 80, 33
30, 80, 32
30, 80, 21
30, 80, 21
30, 80, 45
30, 100, 60
30, 100, 63
30, 100, 60
30, 100, 61
30, 100, 60
30, 100, 49
30, 100, 60
30, 100, 60
30, 100, 59
30, 100, 63
30, 100, 56
30, 100, 61
30, 100, 59
30, 100, 59
30, 100, 56
30, 100, 54
30, 100, 63
30, 100, 54
30, 100, 59
30, 100, 59
30, 100, 66
30, 100, 63
30, 100, 59
30, 100, 56
30, 100, 49
30, 100, 63
30, 100, 59
30, 100, 62
30, 100, 59
30, 100, 65
30, 100, 59
30, 100, 49
30, 100, 63
30, 100, 43
30, 100, 59
30, 100, 61
30, 100, 66
30, 100, 66
30, 100, 59
30, 100, 66
30, 100, 54
30, 100, 49
30, 100, 56
30, 100, 59
30, 100, 66
30, 100, 61
30, 100, 59
30, 100, 59
30, 100, 60
30, 100, 59
30, 100, 60
30, 100, 49
30, 100, 49
30, 100, 60
30, 100, 59
30, 100, 62
30, 100, 66
30, 100, 49
30, 100, 59
30, 100, 43
30, 100, 63
30, 100, 61
30, 100, 62
30, 100, 54
30, 100, 60
30, 100, 59
30, 100, 60
30, 100, 59
30, 100, 54
30, 100, 62
30, 100, 61
30, 100, 66
30, 100, 62
30, 100, 60
30, 100, 60
40, 40, 10
40, 40, 6
40, 40, 6
40, 40, 11
40, 40, 8
40, 60, 34
40, 60, 13
40, 60, 9
40, 60, 6
40, 60, 5
40, 60, 6
40, 60, 9
40, 60, 6
40, 60, 13
40, 60, 6
40, 60, 6
40, 60, 5
40, 60, 8
40, 60, 5
40, 60, 6
40, 60, 17
40, 60, 34
40, 60, 13
40, 60, 17
40, 60, 6
40, 60, 6
40, 80, 47
40, 80, 42
40, 80, 48
40, 80, 47
40, 80, 36
40, 80, 45
40, 80, 42
40, 80, 48
40, 80, 42
40, 80, 48
40, 80, 48
40, 80, 48
40, 80, 47
40, 80, 34
40, 80, 43
40, 80, 43
40, 80, 42
40, 80, 36
40, 80, 42
40, 80, 51
40, 80, 51
40, 80, 44
40, 80, 31
40, 80, 50
40, 80, 47
40, 80, 45
40, 80, 34
40, 80, 44
40, 80, 54
40, 80, 50
40, 80, 42
40, 80, 43
40, 80, 54
40, 80, 48
40, 80, 43
40, 80, 50
40, 80, 43
40, 80, 48
40, 80, 42
40, 80, 50
40, 80, 42
40, 80, 31
40, 80, 54
40, 80, 45
40, 80, 44
40, 80, 43
40, 100, 39
40, 100, 49
40, 100, 58
40, 100, 48
40, 100, 58
40, 100, 39
40, 100, 45
40, 100, 55
40, 100, 47
40, 100, 43
40, 100, 39
40, 100, 39
40, 100, 54
40, 100, 32
40, 100, 55
40, 100, 47
40, 100, 32
40, 100, 47
40, 100, 45
40, 100, 43
40, 100, 45
40, 100, 44
40, 100, 46
40, 100, 41
40, 100, 32
40, 100, 46
40, 100, 46
40, 100, 47
40, 100, 46
40, 100, 55
40, 100, 46
40, 100, 45
40, 100, 44
40, 100, 32
40, 100, 58
40, 100, 41
40, 100, 40
40, 100, 54
40, 100, 54
40, 100, 46
40, 100, 47
40, 100, 44
40, 100, 52
40, 100, 41
40, 100, 32
40, 100, 55
40, 100, 43
40, 100, 44
40, 100, 49
40, 100, 45
40, 100, 46
40, 100, 46
40, 100, 48
40, 100, 46
40, 100, 49
40, 100, 52
40, 100, 46
40, 100, 45
40, 100, 55
40, 100, 45
40, 100, 76
40, 100, 48
40, 100, 55
40, 100, 32
40, 100, 41
40, 100, 39
50, 40, 9
50, 60, 27
50, 60, 22
50, 60, 26
50, 60, 32
50, 60, 27
50, 60, 49
50, 60, 32
50, 60, 20
50, 60, 30
50, 60, 26
50, 60, 28
50, 60, 37
50, 60, 31
50, 60, 27
50, 60, 27
50, 60, 28
50, 60, 26
50, 60, 37
50, 60, 28
50, 60, 16
50, 60, 27
50, 80, 1
50, 80, 20
50, 80, 1
50, 80, 29
50, 80, 20
50, 80, 35
50, 80, 6
50, 80, 29
50, 80, 35
50, 80, 35
50, 80, 34
50, 80, 21
50, 80, 6
50, 80, 20
50, 80, 1
50, 80, 29
50, 80, 35
50, 80, 35
50, 80, 41
50, 80, 24
50, 80, 29
50, 80, 34
50, 80, 20
50, 80, 35
50, 80, 31
50, 80, 21
50, 80, 35
50, 80, 25
50, 100, 50
50, 100, 56
50, 100, 57
50, 100, 35
50, 100, 62
50, 100, 56
50, 100, 50
50, 100, 37
50, 100, 50
50, 100, 62
50, 100, 61
50, 100, 48
50, 100, 57
50, 100, 50
50, 100, 56
50, 100, 57
50, 100, 35
50, 100, 48
50, 100, 53
50, 100, 60
50, 100, 62
50, 100, 38
50, 100, 38
50, 100, 46
50, 100, 37
50, 100, 62
50, 100, 57
50, 100, 39